C:\Users\nddy\OneDrive\Bureau\La_loi_Alfred\Math\Premier\Sommaire>python ANAv1.0.6.py
==========================================================================================
UNI — Autonomous Riemann Zero Generation + N/N Closure
Quantum U = 0.44417129
==========================================================================================

Generating 2,001,052 zeros by recurrence...
    2,001,052 zeros generated

Loading Odlyzko data for validation...
    2,001,052 zeros loaded

=====================================================================================
N/N CLOSURE — Reconstruction of natural numbers from zeros
=====================================================================================

Reconstruction of natural numbers from zeros...
    80,057 integers reconstructed

─────────────────────────────────────────────────────────────────────────────────────
FIRST 100 ZEROS — Prediction vs Odlyzko
─────────────────────────────────────────────────────────────────────────────────────
 rank      prediction       reference         error
────────────────────────────────────────────────────
    1       14.213481       14.134725     +0.078756
    2       20.440848       21.022040     -0.581191
    3       25.310401       25.010858     +0.299544
    4       29.575332       30.424876     -0.849544
    5       33.472528       32.935062     +0.537466
    6       37.114166       37.586178     -0.472012
    7       40.564148       40.918719     -0.354571
    8       43.863081       43.327073     +0.536008
    9       47.038729       48.005151     -0.966422
   10       50.111096       49.773832     +0.337264
   11       53.095180       52.970321     +0.124858
   12       56.002579       56.446248     -0.443669
   13       58.842491       59.347044     -0.504553
   14       61.622360       60.831779     +0.790581
   15       64.348317       65.112544     -0.764227
   16       67.025484       67.079811     -0.054327
   17       69.658195       69.546402     +0.111793
   18       72.250160       72.067158     +0.183002
   19       74.804580       75.704691     -0.900111
   20       77.324246       77.144840     +0.179406
   21       79.811607       79.337375     +0.474232
   22       82.268827       82.910381     -0.641554
   23       84.697830       84.735493     -0.037663
   24       87.100336       87.425275     -0.324939
   25       89.477890       88.809111     +0.668779
   26       91.831888       92.491899     -0.660011
   27       94.163595       94.651344     -0.487749
   28       96.474162       95.870634     +0.603528
   29       98.764640       98.831194     -0.066554
   30      101.035993      101.317851     -0.281858
   31      103.289107      103.725538     -0.436431
   32      105.524797      105.446623     +0.078174
   33      107.743820      107.168611     +0.575209
   34      109.946874      111.029536     -1.082661
   35      112.134610      111.874659     +0.259951
   36      114.307632      114.320221     -0.012589
   37      116.466505      116.226680     +0.239825
   38      118.611756      118.790783     -0.179026
   39      120.743881      121.370125     -0.626244
   40      122.863342      122.946829     -0.083487
   41      124.970575      124.256819     +0.713757
   42      127.065991      127.516684     -0.450693
   43      129.149977      129.578704     -0.428728
   44      131.222896      131.087689     +0.135208
   45      133.285096      133.497737     -0.212642
   46      135.336901      134.756510     +0.580392
   47      137.378623      138.116042     -0.737419
   48      139.410554      139.736209     -0.325654
   49      141.432975      141.123707     +0.309268
   50      143.446150      143.111846     +0.334305
   51      145.450333      146.000982     -0.550649
   52      147.445764      147.422765     +0.022999
   53      149.432673      150.053520     -0.620847
   54      151.411280      150.925258     +0.486023
   55      153.381795      153.024694     +0.357101
   56      155.344417      156.112909     -0.768493
   57      157.299339      157.597592     -0.298253
   58      159.246745      158.849988     +0.396757
   59      161.186811      161.188964     -0.002153
   60      163.119707      163.030710     +0.088997
   61      165.045595      165.537069     -0.491474
   62      166.964631      167.184440     -0.219809
   63      168.876966      169.094515     -0.217550
   64      170.782743      169.911976     +0.870766
   65      172.682102      173.411537     -0.729434
   66      174.575177      174.754192     -0.179015
   67      176.462097      176.441434     +0.020663
   68      178.342986      178.377408     -0.034422
   69      180.217965      179.916484     +0.301481
   70      182.087150      182.207078     -0.119929
   71      183.950652      184.874468     -0.923816
   72      185.808580      185.598784     +0.209796
   73      187.661039      187.228923     +0.432116
   74      189.508130      189.416159     +0.091971
   75      191.349951      192.026656     -0.676706
   76      193.186596      193.079727     +0.106870
   77      195.018159      195.265397     -0.247237
   78      196.844728      196.876482     -0.031754
   79      198.666389      198.015310     +0.651080
   80      200.483227      201.264752     -0.781525
   81      202.295322      202.493595     -0.198272
   82      204.102754      204.189672     -0.086918
   83      205.905599      205.394697     +0.510902
   84      207.703932      207.906259     -0.202327
   85      209.497824      209.576510     -0.078685
   86      211.287347      211.690863     -0.403515
   87      213.072569      213.347919     -0.275350
   88      214.853556      214.547045     +0.306511
   89      216.630373      216.169539     +0.460834
   90      218.403082      219.067596     -0.664514
   91      220.171746      220.714919     -0.543172
   92      221.936425      221.430706     +0.505719
   93      223.697175      224.007000     -0.309825
   94      225.454054      224.983325     +0.470730
   95      227.207118      227.421444     -0.214326
   96      228.956420      229.337413     -0.380994
   97      230.702012      231.250189     -0.548176
   98      232.443947      231.987235     +0.456712
   99      234.182274      233.693404     +0.488869
  100      235.917041      236.524230     -0.607188

─────────────────────────────────────────────────────────────────────────────────────
LAST 100 ZEROS — Prediction vs Odlyzko
─────────────────────────────────────────────────────────────────────────────────────
 rank      prediction       reference         error
────────────────────────────────────────────────────
2000953  1132439.302292  1132439.249702     +0.052590
2000954  1132439.821477  1132439.955731     -0.134254
2000955  1132440.340663  1132440.312349     +0.028313
2000956  1132440.859848  1132440.843985     +0.015863
2000957  1132441.379033  1132441.295784     +0.083249
2000958  1132441.898219  1132441.955731     -0.057512
2000959  1132442.417404  1132442.361830     +0.055573
2000960  1132442.936589  1132442.999481     -0.062892
2000961  1132443.455774  1132443.708935     -0.253160
2000962  1132443.974960  1132444.101663     -0.126703
2000963  1132444.494145  1132444.301897     +0.192247
2000964  1132445.013330  1132444.830453     +0.182877
2000965  1132445.532515  1132445.134703     +0.397812
2000966  1132446.051700  1132446.021690     +0.030011
2000967  1132446.570885  1132446.584092     -0.013206
2000968  1132447.090070  1132447.417758     -0.327688
2000969  1132447.609256  1132447.564359     +0.044897
2000970  1132448.128441  1132448.289844     -0.161404
2000971  1132448.647626  1132448.839775     -0.192150
2000972  1132449.166811  1132449.346473     -0.179662
2000973  1132449.685996  1132449.688358     -0.002363
2000974  1132450.205181  1132450.382378     -0.177197
2000975  1132450.724366  1132450.852735     -0.128370
2000976  1132451.243550  1132451.379953     -0.136402
2000977  1132451.762735  1132451.599348     +0.163388
2000978  1132452.281920  1132451.943275     +0.338645
2000979  1132452.801105  1132452.729572     +0.071533
2000980  1132453.320290  1132453.010132     +0.310158
2000981  1132453.839475  1132453.920068     -0.080593
2000982  1132454.358660  1132454.544730     -0.186070
2000983  1132454.877844  1132455.013159     -0.135315
2000984  1132455.397029  1132455.120176     +0.276853
2000985  1132455.916214  1132455.999976     -0.083762
2000986  1132456.435399  1132456.785376     -0.349977
2000987  1132456.954583  1132457.043916     -0.089332
2000988  1132457.473768  1132457.389549     +0.084219
2000989  1132457.992953  1132457.955984     +0.036969
2000990  1132458.512137  1132458.527954     -0.015817
2000991  1132459.031322  1132459.330865     -0.299543
2000992  1132459.550507  1132459.722448     -0.171942
2000993  1132460.069691  1132459.897506     +0.172185
2000994  1132460.588876  1132460.698220     -0.109344
2000995  1132461.108060  1132461.209948     -0.101887
2000996  1132461.627245  1132461.452772     +0.174473
2000997  1132462.146430  1132462.162443     -0.016013
2000998  1132462.665614  1132462.521257     +0.144357
2000999  1132463.184799  1132463.120556     +0.064242
2001000  1132463.703983  1132463.581420     +0.122563
2001001  1132464.223167  1132463.972194     +0.250974
2001002  1132464.742352  1132464.589730     +0.152622
2001003  1132465.261536  1132465.504164     -0.242628
2001004  1132465.780721  1132466.220101     -0.439380
2001005  1132466.299905  1132466.513663     -0.213758
2001006  1132466.819089  1132467.035283     -0.216193
2001007  1132467.338274  1132467.439606     -0.101332
2001008  1132467.857458  1132467.922528     -0.065070
2001009  1132468.376642  1132468.287123     +0.089519
2001010  1132468.895827  1132468.609074     +0.286752
2001011  1132469.415011  1132469.542093     -0.127082
2001012  1132469.934195  1132469.908724     +0.025471
2001013  1132470.453379  1132470.479593     -0.026214
2001014  1132470.972563  1132470.888892     +0.083671
2001015  1132471.491748  1132471.465861     +0.025887
2001016  1132472.010932  1132471.888049     +0.122883
2001017  1132472.530116  1132472.498757     +0.031359
2001018  1132473.049300  1132473.004372     +0.044927
2001019  1132473.568484  1132473.669970     -0.101486
2001020  1132474.087668  1132474.105984     -0.018316
2001021  1132474.606852  1132474.768952     -0.162100
2001022  1132475.126036  1132475.100030     +0.026006
2001023  1132475.645220  1132475.662165     -0.016945
2001024  1132476.164404  1132476.278026     -0.113622
2001025  1132476.683588  1132476.799769     -0.116181
2001026  1132477.202772  1132477.395327     -0.192555
2001027  1132477.721956  1132477.762315     -0.040359
2001028  1132478.241140  1132478.510741     -0.269601
2001029  1132478.760324  1132478.764237     -0.003914
2001030  1132479.279508  1132479.239073     +0.040435
2001031  1132479.798692  1132479.640525     +0.158166
2001032  1132480.317875  1132480.074224     +0.243651
2001033  1132480.837059  1132480.739326     +0.097733
2001034  1132481.356243  1132481.221300     +0.134943
2001035  1132481.875427  1132481.511345     +0.364082
2001036  1132482.394611  1132482.706964     -0.312353
2001037  1132482.913794  1132483.125484     -0.211689
2001038  1132483.432978  1132483.711870     -0.278892
2001039  1132483.952162  1132483.911294     +0.040867
2001040  1132484.471345  1132484.389313     +0.082032
2001041  1132484.990529  1132485.303923     -0.313394
2001042  1132485.509713  1132485.662638     -0.152925
2001043  1132486.028896  1132486.244063     -0.215167
2001044  1132486.548080  1132486.392256     +0.155823
2001045  1132487.067263  1132486.874881     +0.192382
2001046  1132487.586447  1132487.571868     +0.014579
2001047  1132488.105631  1132487.950694     +0.154937
2001048  1132488.624814  1132488.905328     -0.280514
2001049  1132489.143998  1132489.162780     -0.018782
2001050  1132489.663181  1132489.585215     +0.077966
2001051  1132490.182364  1132490.165305     +0.017060
2001052  1132490.701548  1132490.658714     +0.042834

─────────────────────────────────────────────────────────────────────────────────────
FIRST 100 RECONSTRUCTED INTEGERS
─────────────────────────────────────────────────────────────────────────────────────
     n       n_recon       ratio       error
─────────────────────────────────────────────
    2        2.115337        1.057668     +0.115337
    3        2.892133        0.964044     +0.107867
    4        3.983488        0.995872     +0.016512
    5        4.948822        0.989764     +0.051178
    6        6.011997        1.002000     +0.011997
    7        7.006404        1.000915     +0.006404
    8        7.951551        0.993944     +0.048449
    9        9.007079        1.000787     +0.007079
   10       10.022708        1.002271     +0.022708
   11       11.006135        1.000558     +0.006135
   12       11.962777        0.996898     +0.037223
   13       13.028365        1.002182     +0.028365
   14       13.939873        0.995705     +0.060127
   15       14.960851        0.997390     +0.039149
   16       15.962323        0.997645     +0.037677
   17       16.946500        0.996853     +0.053500
   18       18.035255        1.001959     +0.035255
   19       18.988280        0.999383     +0.011720
   20       20.045426        1.002271     +0.045426
   21       20.972924        0.998711     +0.027076
   22       22.003797        1.000173     +0.003797
   23       23.022416        1.000975     +0.022416
   24       24.029725        1.001239     +0.029725
   25       25.026544        1.001062     +0.026544
   26       26.013594        1.000523     +0.013594
   27       26.991513        0.999686     +0.008487
   28       27.960868        0.998602     +0.039132
   29       29.028499        1.000983     +0.028499
   30       29.981377        0.999379     +0.018623
   31       31.031766        1.001025     +0.031766
   32       31.969992        0.999062     +0.030008
   33       33.004969        1.000151     +0.004969
   34       34.032459        1.000955     +0.032459
   35       34.951111        0.998603     +0.048889
   36       35.965392        0.999039     +0.034608
   37       36.973197        0.999276     +0.026803
   38       37.974822        0.999337     +0.025178
   39       38.970536        0.999245     +0.029464
   40       39.960592        0.999015     +0.039408
   41       41.043394        1.001058     +0.043394
   42       42.022302        1.000531     +0.022302
   43       42.996219        0.999912     +0.003781
   44       43.965331        0.999212     +0.034669
   45       45.026012        1.000578     +0.026012
   46       45.985589        0.999687     +0.014411
   47       47.036162        1.000769     +0.036162
   48       47.986874        0.999727     +0.013126
   49       49.028033        1.000572     +0.028033
   50       49.970473        0.999409     +0.029527
   51       51.002829        1.000055     +0.002829
   52       52.030795        1.000592     +0.030795
   53       52.961619        0.999276     +0.038381
   54       53.981589        0.999659     +0.018411
   55       54.997558        0.999956     +0.002442
   56       56.009644        1.000172     +0.009644
   57       57.017961        1.000315     +0.017961
   58       58.022616        1.000390     +0.022616
   59       59.023712        1.000402     +0.023712
   60       60.021345        1.000356     +0.021345
   61       61.015608        1.000256     +0.015608
   62       62.006588        1.000106     +0.006588
   63       62.994371        0.999911     +0.005629
   64       63.979035        0.999672     +0.020965
   65       64.960658        0.999395     +0.039342
   66       66.028137        1.000426     +0.028137
   67       67.003634        1.000054     +0.003634
   68       67.976307        0.999652     +0.023693
   69       69.034259        1.000497     +0.034259
   70       70.001231        1.000018     +0.001231
   71       70.965569        0.999515     +0.034431
   72       72.014637        1.000203     +0.014637
   73       72.973650        0.999639     +0.026350
   74       74.017035        1.000230     +0.017035
   75       74.970950        0.999613     +0.029050
   76       76.008892        1.000117     +0.008892
   77       76.957923        0.999454     +0.042077
   78       77.990645        0.999880     +0.009355
   79       79.020728        1.000262     +0.020728
   80       79.962697        0.999534     +0.037303
   81       80.987869        0.999850     +0.012131
   82       82.010552        1.000129     +0.010552
   83       83.030797        1.000371     +0.030797
   84       83.963919        0.999570     +0.036081
   85       84.979619        0.999760     +0.020381
   86       85.993013        0.999919     +0.006987
   87       87.004143        1.000048     +0.004143
   88       88.013051        1.000148     +0.013051
   89       89.019776        1.000222     +0.019776
   90       90.024357        1.000271     +0.024357
   91       91.026831        1.000295     +0.026831
   92       92.027234        1.000296     +0.027234
   93       93.025602        1.000275     +0.025602
   94       94.021968        1.000234     +0.021968
   95       95.016366        1.000172     +0.016366
   96       96.008827        1.000092     +0.008827
   97       96.999383        0.999994     +0.000617
   98       97.988064        0.999878     +0.011936
   99       98.974899        0.999746     +0.025101
  100       99.959917        0.999599     +0.040083
  101      101.025002        1.000248     +0.025002

─────────────────────────────────────────────────────────────────────────────────────
LAST 100 RECONSTRUCTED INTEGERS
─────────────────────────────────────────────────────────────────────────────────────
     n       n_recon       ratio       error
─────────────────────────────────────────────
79959    79958.984159        1.000000     +0.015841
79960    79960.011925        1.000000     +0.011925
79961    79961.002980        1.000000     +0.002980
79962    79961.994044        1.000000     +0.005956
79963    79962.985105        1.000000     +0.014895
79964    79964.012858        1.000000     +0.012858
79965    79965.003910        1.000000     +0.003910
79966    79965.994958        1.000000     +0.005042
79967    79966.986016        1.000000     +0.013984
79968    79968.013771        1.000000     +0.013771
79969    79969.004821        1.000000     +0.004821
79970    79969.995866        1.000000     +0.004134
79971    79970.986922        1.000000     +0.013078
79972    79972.014678        1.000000     +0.014678
79973    79973.005711        1.000000     +0.005711
79974    79973.996755        1.000000     +0.003245
79975    79974.987808        1.000000     +0.012192
79976    79976.015551        1.000000     +0.015551
79977    79977.006596        1.000000     +0.006596
79978    79977.997637        1.000000     +0.002363
79979    79978.988674        1.000000     +0.011326
79980    79980.016418        1.000000     +0.016418
79981    79981.007447        1.000000     +0.007447
79982    79981.998486        1.000000     +0.001514
79983    79982.989520        1.000000     +0.010480
79984    79984.017266        1.000000     +0.017266
79985    79985.008292        1.000000     +0.008292
79986    79985.999329        1.000000     +0.000671
79987    79986.990361        1.000000     +0.009639
79988    79988.018093        1.000000     +0.018093
79989    79989.009132        1.000000     +0.009132
79990    79990.000151        1.000000     +0.000151
79991    79990.991181        1.000000     +0.008819
79992    79991.982206        1.000000     +0.017794
79993    79993.009937        1.000000     +0.009937
79994    79994.000954        1.000000     +0.000954
79995    79994.991981        1.000000     +0.008019
79996    79995.983004        1.000000     +0.016996
79997    79997.010736        1.000000     +0.010736
79998    79998.001750        1.000000     +0.001750
79999    79998.992775        1.000000     +0.007225
80000    79999.983781        1.000000     +0.016219
80001    80001.011514        1.000000     +0.011514
80002    80002.002527        1.000000     +0.002527
80003    80002.993535        1.000000     +0.006465
80004    80003.984553        1.000000     +0.015447
80005    80005.012273        1.000000     +0.012273
80006    80006.003283        1.000000     +0.003283
80007    80006.994288        1.000000     +0.005712
80008    80007.985304        1.000000     +0.014696
80009    80009.013011        1.000000     +0.013011
80010    80010.004018        1.000000     +0.004018
80011    80010.995036        1.000000     +0.004964
80012    80011.986035        1.000000     +0.013965
80013    80013.013742        1.000000     +0.013742
80014    80014.004748        1.000000     +0.004748
80015    80014.995748        1.000000     +0.004252
80016    80015.986745        1.000000     +0.013255
80017    80017.014454        1.000000     +0.014454
80018    80018.005456        1.000000     +0.005456
80019    80018.996455        1.000000     +0.003545
80020    80019.987448        1.000000     +0.012552
80021    80021.015144        1.000000     +0.015144
80022    80022.006145        1.000000     +0.006145
80023    80022.997140        1.000000     +0.002860
80024    80023.988132        1.000000     +0.011868
80025    80025.015829        1.000000     +0.015829
80026    80026.006827        1.000000     +0.006827
80027    80026.997805        1.000000     +0.002195
80028    80027.988794        1.000000     +0.011206
80029    80029.016492        1.000000     +0.016492
80030    80030.007473        1.000000     +0.007473
80031    80030.998464        1.000000     +0.001536
80032    80031.989450        1.000000     +0.010550
80033    80033.017135        1.000000     +0.017135
80034    80034.008113        1.000000     +0.008113
80035    80034.999102        1.000000     +0.000898
80036    80035.990086        1.000000     +0.009914
80037    80037.017772        1.000000     +0.017772
80038    80038.008747        1.000000     +0.008747
80039    80038.999719        1.000000     +0.000281
80040    80039.990700        1.000000     +0.009300
80041    80040.981677        1.000000     +0.018323
80042    80042.009360        1.000000     +0.009360
80043    80043.000329        1.000000     +0.000329
80044    80043.991308        1.000000     +0.008692
80045    80044.982267        1.000000     +0.017733
80046    80046.009952        1.000000     +0.009952
80047    80047.000918        1.000000     +0.000918
80048    80047.991880        1.000000     +0.008120
80049    80048.982852        1.000000     +0.017148
80050    80050.010523        1.000000     +0.010523
80051    80051.001486        1.000000     +0.001486
80052    80051.992445        1.000000     +0.007555
80053    80052.983415        1.000000     +0.016585
80054    80054.011087        1.000000     +0.011087
80055    80055.002048        1.000000     +0.002048
80056    80055.993004        1.000000     +0.006996
80057    80056.983956        1.000000     +0.016044
80058    80058.011630        1.000000     +0.011630

──────────────────────────────────────────────────────────────────────────────────────────
STATISTICS — Full comparison (2,001,052 zeros)
──────────────────────────────────────────────────────────────────────────────────────────
Mean absolute error (MAE)            : 0.152296
Std deviation of errors              : 0.188081
Max absolute error                   : 1.082661
Min absolute error                   : 0.000000
Mean relative error                  : 0.000125%
Correlation (pred vs ref)            : 1.00000000

Reconstructed integers               : 80,057
Range                                : 2 → 80058
Expected integers in range           : 80,057
Actual reconstructed                 : 80,057
Missing                              : 0 (0.0000%)
Duplicates                           : 0
Coverage                             : 100.0000%

Ratio statistics (n_recon / n):
Mean ratio                           : 0.99999995
Median ratio                         : 1.00000000
Std ratio                            : 0.00024696

Error statistics (|n_recon - n|):
Mean error                           : 0.010099
Median error                         : 0.009966
Max error                            : 0.115337
Min error                            : 0.000000

N/N Closure verification
Closure N/N                          : 100.0000%

──────────────────────────────────────────────────────────────────────────────────────────
CONCLUSION
The system reconstructs 80,057 natural numbers from its own 2,001,052 zeros
N/N closure: 100.0%, mean ratio: 0.99999995, mean relative error: 0.000125%

C:\Users\nddy\OneDrive\Bureau\La_loi_Alfred\Math\Premier\Sommaire>